Id,Attrition
1,0.1340970491810415
2,0.11076502505188993
3,0.16108905757507108
4,0.26019291186151905
5,0.11544209834313084
6,0.17194978270690017
7,0.7389287940517532
8,0.2065127168895285
9,0.25422178440972193
10,0.11623823479022405
11,0.14777964708608196
12,0.3076790137391362
13,0.159624068201093
14,0.05933110840526257
15,0.13660466120147313
16,0.241160676954581
17,0.37487106818313914
18,0.2877900015594316
19,0.2048747991885247
20,0.022350817006527107
21,0.10448711016600433
22,0.622559705016679
23,0.22091028111923194
24,0.10569287155111462
25,0.2081663974946053
26,0.025743379427604702
27,0.04931774549433869
28,0.11783911286995563
29,0.8402452915292671
30,0.0666496312152236
31,0.07954190682924117
32,0.1714720399002441
33,0.5070183990140634
34,0.3955013766451467
35,0.062374004184974546
36,0.14552077001013172
37,0.1565611930581512
38,0.14386702049240746
39,0.26881418367735793
40,0.22114185817696252
41,0.6977203672136536
42,0.2791559844688677
43,0.11486390515802279
44,0.08379455930662619
45,0.14460397680911818
46,0.2130372421521674
47,0.3195285899866256
48,0.2858548870051725
49,0.05572111315528945
50,0.362662030038618
51,0.5440636391698835
52,0.15504720551779375
53,0.3110417613371403
54,0.608608817971352
55,0.2995877121504425
56,0.2756839832369112
57,0.16507431380078785
58,0.40834814649260165
59,0.04976375973507056
60,0.2179707373732384
61,0.19157283236461414
62,0.07056476714011518
63,0.5452036549065534
64,0.021808809461217497
65,0.21114019907308282
66,0.2123412698412698
67,0.09377015261551565
68,0.1049210142103759
69,0.2271189682207787
70,0.23314438726125342
71,0.30455855329707443
72,0.1537644100944724
73,0.2035526869992101
74,0.3511983884346808
75,0.32016944498250927
76,0.4758174060053156
77,0.162757687702665
78,0.13840117590788842
79,0.12401168309158737
80,0.4554554755589238
81,0.1291976287522281
82,0.26775474528984966
83,0.2565279525280011
84,0.06969315651668594
85,0.2861444634992747
86,0.247046114139925
87,0.3149435072806411
88,0.24037025869356976
89,0.19822001429032185
90,0.5501200920795923
91,0.36921800550866013
92,0.1481257616281796
93,0.4244663994992159
94,0.1973365623707871
95,0.8554381398941483
96,0.3411072268342758
97,0.32392250643974074
98,0.15814945643225867
99,0.14876117978689407
100,0.05245252389236439
101,0.2699609671530913
102,0.16675493428466626
103,0.13008185812151096
104,0.22689689422777667
105,0.22885006529918067
106,0.28625219979124245
107,0.07306084656084655
108,0.11171750242860332
109,0.14176197079329522
110,0.18925018659501416
111,0.3598619652889316
112,0.205961656908361
113,0.23935608658939653
114,0.17647055146999446
115,0.21094419430955946
116,0.08301586013472273
117,0.0745177718418073
118,0.19167284275325153
119,0.20404087436599747
120,0.22173260204212805
121,0.7139635302333053
122,0.22968320006909893
123,0.09245405241400234
124,0.42102730834671875
125,0.3363238068307139
126,0.06220656005943249
127,0.10806851742379943
128,0.3625231107570032
129,0.5451704704169148
130,0.20542326149344034
131,0.27208265538330284
132,0.055985833872095075
133,0.23358380349499058
134,0.3459999712028716
135,0.19667761850278262
136,0.20406537317517245
137,0.8494156960832985
138,0.14814150575290197
139,0.5100676479871863
140,0.10144855091317576
141,0.3616701413478784
142,0.2583408420716724
143,0.09882242468836067
144,0.0911769065599306
145,0.11618778034059778
146,0.4217195411836711
147,0.17575798470535314
148,0.5908879044338946
149,0.3097586938336282
150,0.40058118246884244
151,0.4030331918668787
152,0.24801179093711062
153,0.15826232486846298
154,0.6952759778675164
155,0.15229262157984808
156,0.19461232895320432
157,0.17637134373789845
158,0.1986457033388068
159,0.16070191649684878
160,0.12453850252878672
161,0.4724826068448976
162,0.37979846292214325
163,0.13226392067124332
164,0.11244624699169371
165,0.20865819622310244
166,0.4702815105887503
167,0.4095530567055073
168,0.28244205264768596
169,0.05747563101381026
170,0.2261336643099453
171,0.14134112506769875
172,0.1239792518270779
173,0.1338229282737167
174,0.48711514105023024
175,0.048476928871383794
176,0.25232762927898106
177,0.2757616348263921
178,0.15955383606970927
179,0.24044636377267953
180,0.8229849401467165
181,0.7306624441722
182,0.15080685688580422
183,0.7601472692838546
184,0.1801453134647612
185,0.672700018767313
186,0.3136510513372236
187,0.07336113932764042
188,0.054894645688697244
189,0.2243542235935853
190,0.16139052744616153
191,0.27326035270715576
192,0.18020637789215702
193,0.10540806418544242
194,0.6921257280206792
195,0.5408894680122198
196,0.43523509995482895
197,0.1545140699104345
198,0.295335916379859
199,0.16681830582160642
200,0.24119282017551835
201,0.5681355268425129
202,0.43389419939278145
203,0.27135082474131544
204,0.19606157632621957
205,0.4432140969560134
206,0.1149513671210265
207,0.5135838612362043
208,0.3374169461633905
209,0.2094420365135321
210,0.4755865530575008
211,0.40844468607145984
212,0.21980751227231618
213,0.15413280059577789
214,0.2672916282139253
215,0.44253354259672845
216,0.8158729950083848
217,0.47540354190585643
218,0.20963359345968038
219,0.21532219541597536
220,0.13378882258217298
221,0.1745292423551117
222,0.17473055640569013
223,0.2129452445573484
224,0.5191406006984255
225,0.3637112072749328
226,0.04317106448281554
227,0.3215407377606892
228,0.18712227226146586
229,0.11069708892073055
230,0.15119329559329558
231,0.5669994074420085
232,0.20929296842814482
233,0.2487285911379189
234,0.45206773494575825
235,0.086066722213436
236,0.3729136790731618
237,0.2323780092412775
238,0.08357458613411742
239,0.635794932872237
240,0.10830455250111723
241,0.1660013035747458
242,0.1110915807755903
243,0.508821873485161
244,0.5831412896943378
245,0.12118284002876235
246,0.053089661348038865
247,0.5870212192477737
248,0.07826023607586356
249,0.038747002167190084
250,0.20606545326210876
251,0.09376241062310633
252,0.06099714400941254
253,0.09555510333097095
254,0.15547778410185445
255,0.07659399340487433
256,0.5350704651929039
257,0.15184570880023493
258,0.28949313219731737
259,0.17042989313424098
260,0.3349391017404407
261,0.048534034613016405
262,0.09755547872874688
263,0.2582668621001954
264,0.55943466301859
265,0.3641277560153469
266,0.23813897652850333
267,0.17327791085880367
268,0.039064410992956586
269,0.5391728564139269
270,0.09970251679292717
271,0.10500032915028999
272,0.3166218699304506
273,0.7977372615404462
274,0.534307242068913
275,0.5649456374376814
276,0.35983969141616196
277,0.21706754411616103
278,0.3255272304820933
279,0.22019519450465297
280,0.17592735378746735
281,0.27201805050741223
282,0.3389315583301147
283,0.3222094213460919
284,0.2901611204326745
285,0.2306963529839084
286,0.7877644767320583
287,0.17931351190598716
288,0.32980864582469277
289,0.0850499771418181
290,0.22181730751785808
291,0.4544141731515285
292,0.17553577656692562
293,0.28543390369292804
294,0.22621331685700957
295,0.10621064212764839
296,0.3427209985502898
297,0.06034660233593023
298,0.26054369180104475
299,0.5517311081614217
300,0.37265283508302605
301,0.05579270548089878
302,0.10277139310381957
303,0.17823243294906319
304,0.7118945752182335
305,0.13687483690092206
306,0.2164559851496304
307,0.35833986207587537
308,0.0854107683000605
309,0.2470323321396514
310,0.15233955053412424
311,0.18422535978235874
312,0.38807272437707224
313,0.2570147463588466
314,0.1955642456930224
315,0.27334464574690137
316,0.23194386176788617
317,0.5817624954084185
318,0.18592613105627293
319,0.0669294390165386
320,0.44168827290828566
321,0.26082693752705116
322,0.3370599548558073
323,0.11337456938847378
324,0.2118969432447104
325,0.6452229769928957
326,0.23153975940020408
327,0.4735279738508301
328,0.5474594584061709
329,0.31780238572343833
330,0.4841296526408986
331,0.1764854584560983
332,0.3700448379991186
333,0.09834770081765726
334,0.1585268641506782
335,0.24843543591010955
336,0.15490194756579492
337,0.25017241677027213
338,0.25241884855489016
339,0.15108136956524051
340,0.478227123593898
341,0.13100199067018778
342,0.7583495200990468
343,0.05773132628476533
344,0.4390612485603667
345,0.3371823760492933
346,0.3424488161973226
347,0.26402572741936664
348,0.08101839631702476
349,0.09009621029367695
350,0.10196919037048469
351,0.02723287688109727
352,0.07667507910789602
353,0.25228022775322
354,0.22291080433097799
355,0.07781533404227976
356,0.4647576650686362
357,0.42719289500741126
358,0.12483937198067631
359,0.12125354849752462
360,0.5528916848797525
361,0.08362151699708965
362,0.16203000079315868
363,0.10150227014524364
364,0.25699915381673477
365,0.6209989756240737
366,0.21860035056242486
367,0.29661251487916507
368,0.2490154334436686
369,0.25209026042849575
370,0.4221989144014527
371,0.2644255902509696
372,0.10057743426164478
373,0.16496343072604291
374,0.693179985656818
375,0.46683627427339386
376,0.18770688915533712
377,0.3857788879730248
378,0.2578569911178023
379,0.44880386819469464
380,0.02147286492860576
381,0.46174807148143315
382,0.22877018074103822
383,0.10629219858156028
384,0.10506933611864121
385,0.4821203772743728
386,0.47553653074204133
387,0.5834965439138613
388,0.5141062343337592
389,0.3031735930735931
390,0.6915780458231461
391,0.0985783684867081
392,0.045088888888888894
393,0.3407973991085696
394,0.1846852257192523
395,0.10396466997602528
396,0.23134120125870591
397,0.47615857900773517
398,0.13167861549733784
399,0.17504147394387914
400,0.181892705260313
401,0.1728800178677004
402,0.08955473663707131
403,0.17002525252525252
404,0.348771123718084
405,0.41102066103529916
406,0.10034038939962721
407,0.1989802944403339
408,0.33972643551267795
409,0.30807841239714295
410,0.1250687998771717
411,0.11588753135656868
412,0.09474951668101604
413,0.19652758606109796
414,0.23511733066259255
415,0.18570809202814625
416,0.016707680913731295
417,0.6516698920155078
418,0.17863387215556104
419,0.12861181955299603
420,0.1357713401726218
421,0.38818250456263653
422,0.4306528212517137
423,0.14949977507872245
424,0.306678643652317
425,0.27824349999816533
426,0.08264002846598852
427,0.1927941906133106
428,0.12684357433881072
429,0.2164269030826236
430,0.19213899816024282
431,0.12097207389504322
432,0.1675062542624104
433,0.12098006676382923
434,0.14830662999752722
435,0.19034528077131638
436,0.10750845960388201
437,0.12127184344667934
438,0.11404272716549954
439,0.172214244577754
440,0.041202201353523614
441,0.2519607122134689
442,0.2383276244136367
443,0.1172356666794698
444,0.06397652788687921
445,0.1503939702884894
446,0.0931437653386913
447,0.09625576159778552
448,0.3830816347629734
449,0.11310710767113714
450,0.16105624464275659
451,0.1473086346904545
452,0.23753129890647226
453,0.6870104502646104
454,0.2617442399272806
455,0.1533236467236467
456,0.07359850606909431
457,0.5195248218598045
458,0.5008591919534977
459,0.4794115308185601
460,0.1541467528990744
461,0.06236759325088844
462,0.11288092923237236
463,0.4701530046181056
464,0.3028197541307576
465,0.47812695611695893
466,0.6177909424999952
467,0.8950793984728066
468,0.47675761098455677
469,0.16818340869664097
470,0.18388955736622595
